[[-0.9709663478563668, 7.40231403067726E-4, -0.23921497316835869, 0.17309697072547073], [-0.13223042292891785, -0.8349936611536517, 0.5341354707237299, 0.09642999478433134], [-0.19934760239969826, 0.5502590643421432, 0.8108486267650707, -1.6856220102935655], [0.0, 0.0, 0.0, 1.0]]
[[-0.9823252020215544, 0.016428693378317094, -0.18645990321566144, 0.17703807302249214], [-0.08445317457635898, -0.9278878053151192, 0.36316921958154286, 0.10028169071008862], [-0.1670474746211018, 0.37249740775121265, 0.9128750311194513, -1.8116253543825154], [0.0, 0.0, 0.0, 1.0]]
[[-0.9821818482551892, -0.021054980297549708, -0.18674984541543965, 0.1632230122344783], [-0.07044002550179962, -0.8800191502328518, 0.4696855310000036, 0.09659247799071623], [-0.17423265986986086, 0.4744712668098243, 0.8628557221265639, -1.7638027474067273], [0.0, 0.0, 0.0, 1.0]]
[[-0.9823962093217804, -0.04490407402887131, -0.18133204914136397, 0.15367058829999986], [-0.05127516400121662, -0.8685835087219818, 0.4928828927167784, 0.09641456413827688], [-0.17963447738907112, 0.493504116002917, 0.8509906826877335, -1.76484364353484], [0.0, 0.0, 0.0, 1.0]]
[[-0.9836319184696893, -0.06362372396775978, -0.16858312702080447, 0.14443222860686394], [-0.0348520084762467, -0.850743704460354, 0.5244239571436887, 0.09722172042599864], [-0.17678683908257994, 0.5217156036285939, 0.8346012475773337, -1.7584389182645266], [0.0, 0.0, 0.0, 1.0]]
[[-0.9863028832529174, -0.07506879289628271, -0.14687170871232152, 0.13687112270822782], [-0.01777202128793337, -0.836883416044902, 0.5470925910742689, 0.09849214272022325], [-0.16398407772196433, 0.5422092071166912, 0.8240864020062253, -1.7579313136130108], [0.0, 0.0, 0.0, 1.0]]
[[-0.9893868957596904, -0.08570293427112785, -0.11733958222322913, 0.13039720103498845], [0.003227035372898923, -0.8203001469282387, 0.5719241690925569, 0.09872702092576219], [-0.14526925601002186, 0.5654756192859497, 0.8118707823610025, -1.7559333039611582], [0.0, 0.0, 0.0, 1.0]]
[[-0.9904820615544374, -0.09611176369584784, -0.09852824274361616, 0.12538849819885525], [0.022040558458645387, -0.8173435575624441, 0.5757288621339025, 0.09839483359217559], [-0.13586574079473632, 0.56807749276876, 0.8116824888389899, -1.7712101812634045], [0.0, 0.0, 0.0, 1.0]]
[[-0.991974550957458, -0.10223345725613911, -0.07439630683176852, 0.12098451234535361], [0.0419392991264079, -0.8211395647402717, 0.5691844256538844, 0.09744207062936161], [-0.1192794426610686, 0.561496336083873, 0.818837150551226, -1.795699069540976], [0.0, 0.0, 0.0, 1.0]]
[[-0.9886632649331342, -0.11975086876104837, -0.09057967764752456, 0.11710764802239894], [0.050722887084838214, -0.834165753373516, 0.5491763693246217, 0.09569333926168418], [-0.14132281237483935, 0.5383560395591086, 0.8307831470201459, -1.8268218968589882], [0.0, 0.0, 0.0, 1.0]]
[[-0.9855416482888633, -0.13366863674369134, -0.10411702569298603, 0.11372726471813556], [0.058899198489175686, -0.8464586232028821, 0.5291868135382948, 0.09266680137887505], [-0.15886643416846596, 0.5154032351048686, 0.8420932022870343, -1.8544092856860346], [0.0, 0.0, 0.0, 1.0]]
[[-0.9846551648046836, -0.1371981484773478, -0.10784653206222632, 0.11227057202688552], [0.06889969097164134, -0.8734208386852338, 0.4820672890109794, 0.08968810854104932], [-0.16033414797688453, 0.4672394531766023, 0.8694712498914247, -1.900285019261143], [0.0, 0.0, 0.0, 1.0]]
[[-0.9836176838991458, -0.13914299148146697, -0.1146101210298125, 0.11080019924355118], [0.07288875277801421, -0.8884733968023584, 0.4531029164471846, 0.08639953618285993], [-0.1648741387827254, 0.4373262524661275, 0.8840601038756287, -1.929773920412467], [0.0, 0.0, 0.0, 1.0]]
[[-0.9798637822605871, -0.14318572786430478, -0.13915752063739192, 0.10956043438033548], [0.06766532635168321, -0.8938385446240721, 0.4432539449954626, 0.08376084414784715], [-0.1878519944629205, 0.42491234799695987, 0.8855287260704835, -1.9427161189560986], [0.0, 0.0, 0.0, 1.0]]
[[-0.9753671225984233, -0.14674998789042315, -0.16469188567817417, 0.10870476868563915], [0.058765168525814315, -0.8924872380700671, 0.447228336367672, 0.08241459844150802], [-0.2126161591276749, 0.426533669170704, 0.8791264971217576, -1.9442447298715448], [0.0, 0.0, 0.0, 1.0]]
[[-0.9780452945905227, -0.14080678059136992, -0.15362568883110428, 0.1091618191909729], [0.056760233788137826, -0.889318429604333, 0.4537521422829851, 0.08259926757505814], [-0.20051353467946598, 0.43507031765632576, 0.8777859312524726, -1.948312243269199], [0.0, 0.0, 0.0, 1.0]]
[[-0.9777738797444526, -0.14272546176376805, -0.15358282017790906, 0.10869664318718926], [0.05227194191502388, -0.8753402550118092, 0.4806735711938958, 0.08280030896063602], [-0.20304158238625192, 0.4619619903413916, 0.8633453742865058, -1.9336756539328481], [0.0, 0.0, 0.0, 1.0]]
[[-0.9760818134353756, -0.14765628888548626, -0.15956789725152856, 0.10748039741980636], [0.048239775242585325, -0.8627735190890456, 0.5032839942251781, 0.08294392812769494], [-0.2119840030880949, 0.48354883425696527, 0.8492604472854464, -1.9160150823352986], [0.0, 0.0, 0.0, 1.0]]
[[-0.9714682303012869, -0.15838131906538938, -0.17653564876928757, 0.1050766792944627], [0.04388032886585291, -0.8515207013532339, 0.522481590015879, 0.08249100919884718], [-0.2330750828679689, 0.49982782329318537, 0.8341751331753336, -1.895525863513749], [0.0, 0.0, 0.0, 1.0]]
[[-0.9664419014993575, -0.17033435296791877, -0.19229211950911096, 0.10228566659731811], [0.045705832214190056, -0.8506262755996694, 0.523780408340216, 0.0815391163164709], [-0.2527865263971045, 0.49741446245403403, 0.8298661486129256, -1.8859569033618655], [0.0, 0.0, 0.0, 1.0]]
[[-0.959314840433362, -0.18669635152190261, -0.21180063562870455, 0.09842106390434871], [0.049867530903438095, -0.8504122714174955, 0.5237482200295578, 0.07990569018194629], [-0.2778997414282851, 0.49187746538233035, 0.8251231985365256, -1.875758435625926], [0.0, 0.0, 0.0, 1.0]]
[[-0.950709604434042, -0.2048993800257371, -0.23273910737548076, 0.09407308808290941], [0.057976366015541625, -0.8547937936073025, 0.5157192175923526, 0.07817465730208752], [-0.3046144924662958, 0.4768058456809279, 0.8245399908458025, -1.871299372089925], [0.0, 0.0, 0.0, 1.0]]
[[-0.9474670777798209, -0.2203493835973458, -0.2318453917412129, 0.08936238799400158], [0.07064258521982619, -0.851108179463794, 0.5202158129116087, 0.07661421930398213], [-0.311954742994599, 0.47650919823031324, 0.8219630297799759, -1.8646932227624295], [0.0, 0.0, 0.0, 1.0]]
[[-0.9430074503851463, -0.23564633996905787, -0.23496329708550953, 0.08452723300036404], [0.07807740280692005, -0.8430479813522486, 0.5321409778515701, 0.07534016721926265], [-0.32348240707808534, 0.4834675827778804, 0.8133991816530683, -1.8497055562688083], [0.0, 0.0, 0.0, 1.0]]
[[-0.9460703454614194, -0.24172036211268905, -0.21568998117349122, 0.08113364654769988], [0.08829555775854353, -0.8329767912270688, 0.5462175022435326, 0.07469415763810412], [-0.31169664085231685, 0.49771571385396934, 0.8093974748318749, -1.8405716579783842], [0.0, 0.0, 0.0, 1.0]]
[[-0.9495784762435018, -0.24454029513683123, -0.1962161091996795, 0.0788610575923922], [0.09330318882124883, -0.8178807644623938, 0.5677724632968709, 0.07418331916764075], [-0.299324627137253, 0.5208369218640339, 0.7994583593986261, -1.8243733935680884], [0.0, 0.0, 0.0, 1.0]]
[[-0.9534520946282321, -0.24158144528179154, -0.1804647016582423, 0.07823891747612688], [0.09758033802544508, -0.8134511590345566, 0.5733893001235517, 0.07437994292592703], [-0.28531943656168535, 0.5290894226507439, 0.7991603105505334, -1.8211234305430728], [0.0, 0.0, 0.0, 1.0]]
[[-0.9547888363873376, -0.23830884081122022, -0.17772780958906287, 0.07835312579819982], [0.09485684697428881, -0.810801101960718, 0.5775844108365299, 0.07471719385534178], [-0.2817453752809619, 0.534612447900811, 0.7967490659280955, -1.8150299717638847], [0.0, 0.0, 0.0, 1.0]]
[[-0.9574949606811964, -0.23253990484572834, -0.17067100786148198, 0.07889191949578428], [0.09169669212862624, -0.8063744260844689, 0.5842533710725267, 0.07500131562118595], [-0.2734869593285618, 0.5437696916997886, 0.7934225894603294, -1.8068355992759169], [0.0, 0.0, 0.0, 1.0]]
[[-0.957711579859762, -0.22986196530865705, -0.17306648059910523, 0.07950167844991365], [0.08766312132223392, -0.8059963540928692, 0.5853930767860565, 0.07547084030949469], [-0.2740505554866875, 0.5454661805221696, 0.7920624589917097, -1.8010971258763555], [0.0, 0.0, 0.0, 1.0]]
[[-0.9534264635997093, -0.2331427797740721, -0.19136985851217697, 0.07980333489666368], [0.08029042779836626, -0.8077420868909904, 0.5840429507056337, 0.07614588522504144], [-0.2907428859176222, 0.5414768372739563, 0.7888418149312865, -1.7939221027807977], [0.0, 0.0, 0.0, 1.0]]
[[-0.9514192035180937, -0.2343457799178741, -0.19970867435261724, 0.07977669970989869], [0.07453449782404697, -0.8046226663035813, 0.5890899536612665, 0.07680353653118686], [-0.2987408706740902, 0.5455863087589343, 0.7830003013305213, -1.7814401331987215], [0.0, 0.0, 0.0, 1.0]]
[[-0.9478060761734151, -0.23823819350781628, -0.2119108423910545, 0.07957998712411163], [0.06995689561137597, -0.8038013475406861, 0.5907701976641982, 0.07756879265060614], [-0.31107824534218576, 0.545110958288227, 0.7785142056693106, -1.7707519727060201], [0.0, 0.0, 0.0, 1.0]]
[[-0.9438751401445754, -0.2438763041223101, -0.22276460244998472, 0.07846419459088887], [0.062492248306382336, -0.7940973633123806, 0.604569347951034, 0.07794455334086065], [-0.32433692160879657, 0.5567169171742198, 0.7647691386381656, -1.7481161884947656], [0.0, 0.0, 0.0, 1.0]]
[[-0.9389573016263493, -0.2505234151767018, -0.23579059389798923, 0.07734243789518166], [0.058158772399545866, -0.7910930470101614, 0.6089247475387713, 0.07861047769028372], [-0.33908220672211975, 0.5580410463580437, 0.7573727270400468, -1.7337841171777615], [0.0, 0.0, 0.0, 1.0]]
[[-0.9356678588257489, -0.25511133950735465, -0.24381112036820948, 0.07608420908120822], [0.055361639967831666, -0.7884796105570674, 0.6125642762648233, 0.07913981691985189], [-0.34851219028968056, 0.5596589212998733, 0.7518784110672095, -1.7215707534888853], [0.0, 0.0, 0.0, 1.0]]
[[-0.9302126884715736, -0.2623605043914219, -0.2566540861587176, 0.0742447294761425], [0.04925620569042022, -0.782204068312258, 0.6210721550003154, 0.07913507925849095], [-0.3637006741916637, 0.5650873925785567, 0.7405390322874937, -1.7026395509113728], [0.0, 0.0, 0.0, 1.0]]
[[-0.9290506273436518, -0.2640587273290069, -0.2591098615524927, 0.07294647129269571], [0.04831554836593599, -0.7809913256081531, 0.6226701832518712, 0.0794655185603682], [-0.36678405038723494, 0.5659730893304071, 0.738338623217917, -1.6964606028809885], [0.0, 0.0, 0.0, 1.0]]
[[-0.9253994048842263, -0.2673257966243067, -0.2686500696056109, 0.07174642980769957], [0.044128746920034545, -0.7800328028569656, 0.6241806470585046, 0.07934126601956534], [-0.3764154554945736, 0.5657612083965159, 0.7336386439784417, -1.686501638119466], [0.0, 0.0, 0.0, 1.0]]
[[-0.9296408571215286, -0.2624667433652556, -0.2586099097049199, 0.07119324194774004], [0.045048276660035635, -0.777548699296482, 0.627207041567862, 0.07935202928926002], [-0.36570278853231436, 0.5714273609563914, 0.7346647137368879, -1.6853557540666075], [0.0, 0.0, 0.0, 1.0]]
[[-0.9290461676294364, -0.26196794785091226, -0.26123937817993514, 0.07038743399745619], [0.045302267032745924, -0.781361574421467, 0.6224321606563243, 0.07947563831877588], [-0.36717968763910586, 0.5664334773972918, 0.7377887181767288, -1.6877005692091758], [0.0, 0.0, 0.0, 1.0]]
[[-0.9260342310371547, -0.26577812680705354, -0.26799736987209427, 0.06897426398671085], [0.04368094583236787, -0.7807342402387143, 0.6233345980210525, 0.07905878644534577], [-0.3749034247891263, 0.5655227965606792, 0.7345960717643218, -1.681069025112995], [0.0, 0.0, 0.0, 1.0]]
[[-0.9277027523547923, -0.2651581066727713, -0.2627903760396375, 0.06786551519630672], [0.047092713383697304, -0.7814253228667754, 0.6222192066536657, 0.07885808838910383], [-0.3703375212147748, 0.5648589587217924, 0.7374174375021441, -1.6832798825608628], [0.0, 0.0, 0.0, 1.0]]
[[-0.9252113955927301, -0.26924597033054437, -0.26737703889099407, 0.0659727067793632], [0.04367008331990929, -0.7755122681019968, 0.6298203282255416, 0.07810120273014833], [-0.3769307592757384, 0.5710405672840243, 0.7292707818278168, -1.6711168737684245], [0.0, 0.0, 0.0, 1.0]]
[[-0.924794696516842, -0.2703387543838406, -0.26771575816995835, 0.06473922232389773], [0.04553992150286196, -0.777245142491642, 0.6275476906360667, 0.07792386393615217], [-0.3777312336090772, 0.5681610214994871, 0.731103391323569, -1.6730456585554276], [0.0, 0.0, 0.0, 1.0]]
[[-0.9241945904405543, -0.27173058062077077, -0.26837818569309113, 0.0636277980200019], [0.04626220785923618, -0.7771788310188128, 0.6275769855087263, 0.07757133241303131], [-0.37910970328442584, 0.5675874876807365, 0.7308353280348895, -1.6719351234088027], [0.0, 0.0, 0.0, 1.0]]
[[-0.9278922011323819, -0.2697495030176329, -0.2573932180525427, 0.06285895221626793], [0.0484643183940105, -0.7717457176168487, 0.6340818221512579, 0.07734023521289066], [-0.3696853701734865, 0.5758851907818048, 0.7291700584348597, -1.6703863223984667], [0.0, 0.0, 0.0, 1.0]]
[[-0.9296782624788426, -0.2686390049229928, -0.2520543856160904, 0.06238669563633478], [0.04979655557426199, -0.7696059003560644, 0.63657447418984, 0.07728810619166047], [-0.36499127568650175, 0.5792580108821251, 0.7288631733745533, -1.670769470522332], [0.0, 0.0, 0.0, 1.0]]
[[-0.9311764282205184, -0.2668952746030079, -0.24834929418273533, 0.06248416777571152], [0.05143002819405729, -0.7705691640352551, 0.6352779829633376, 0.07730165956691862], [-0.3609229997193809, 0.5787832719011439, 0.7312622733609129, -1.6749601327545263], [0.0, 0.0, 0.0, 1.0]]
[[-0.9372402636518673, -0.26045435161535474, -0.23182799424229017, 0.06331832634357948], [0.055959680555291824, -0.7686022315914169, 0.6372747631476108, 0.07730043715812474], [-0.3441644989564262, 0.5843065465295755, 0.7349399004957842, -1.681175418788603], [0.0, 0.0, 0.0, 1.0]]
[[-0.9391193311827178, -0.25975196757451813, -0.22490841945132062, 0.06452354654781126], [0.06061300401967573, -0.7695608504660085, 0.6356903028784883, 0.07711981164612261], [-0.33820252149065294, 0.5833566771463236, 0.7384538182487544, -1.6875122729757428], [0.0, 0.0, 0.0, 1.0]]
[[-0.9475776536953047, -0.2532460494555985, -0.19484103431370237, 0.06662955894988923], [0.07487735647929755, -0.7687963946270571, 0.6350948630678022, 0.07739297657116963], [-0.31062834980724624, 0.5872125186366269, 0.7474566785121772, -1.7035738806049732], [0.0, 0.0, 0.0, 1.0]]
[[-0.9613359231668479, -0.2377428383856065, -0.1389661312165643, 0.06922711219446305], [0.09678405761079953, -0.7641365222998453, 0.6377524766552355, 0.07805800016288783], [-0.25781018021275537, 0.5996446598476907, 0.7576016056574946, -1.723592467984013], [0.0, 0.0, 0.0, 1.0]]
[[-0.9674708043657602, -0.22848100158499499, -0.10861249750643953, 0.07131761227032325], [0.11008990726540696, -0.7667815445917106, 0.6323972447693335, 0.078938790021833], [-0.22777281448443965, 0.5998687312973295, 0.766992209995362, -1.7424572156650244], [0.0, 0.0, 0.0, 1.0]]
[[-0.970502615415772, -0.22194999466855844, -0.09414283476597061, 0.07203721330810421], [0.11195819524240097, -0.7607328504060277, 0.6393362908760807, 0.07928226066131434], [-0.2135182333881826, 0.6099374805500534, 0.7631423417888976, -1.7423704797500164], [0.0, 0.0, 0.0, 1.0]]
[[-0.9700954012821151, -0.21950404970830803, -0.10359963596916714, 0.07265910593474667], [0.10559435551037855, -0.7659707704851242, 0.6341439985104116, 0.08004634010838906], [-0.21855146875653592, 0.6042406399143287, 0.7662431106250047, -1.748512934988503], [0.0, 0.0, 0.0, 1.0]]
[[-0.9667373410139567, -0.22078661252221596, -0.12912081637067674, 0.07294292836321199], [0.09150153638560274, -0.7699614858045516, 0.6314956684069355, 0.08073687921044545], [-0.23884384507108275, 0.5986756902602719, 0.7645528337290026, -1.7460122468219554], [0.0, 0.0, 0.0, 1.0]]
[[-0.9614417158608951, -0.22091932550584187, -0.16378180185997732, 0.0732650533702279], [0.07147538205686776, -0.7758186240287968, 0.6268945145476146, 0.08185084614158965], [-0.2655580854771358, 0.5910161708685374, 0.761694682277361, -1.7411499171949743], [0.0, 0.0, 0.0, 1.0]]
[[-0.944513195858703, -0.23189472433221758, -0.2326363249272649, 0.0735066810688115], [0.03905462583040875, -0.7824922145438188, 0.621434365303012, 0.08270537442357702], [-0.3261434639081794, 0.5778674337641769, 0.7481307839841767, -1.7214764862973775], [0.0, 0.0, 0.0, 1.0]]
[[-0.9315495119327275, -0.23428326498886493, -0.27807707306438306, 0.0752491942888846], [0.01696170640612704, -0.791923893840851, 0.6103841797423464, 0.08439941841563928], [-0.3632186770166002, 0.563886423058848, 0.7416901607519198, -1.7113688328373216], [0.0, 0.0, 0.0, 1.0]]
[[-0.9274854146568183, -0.22971720728767564, -0.2949589976163128, 0.07751585167197407], [-1.1807529846352693E-4, -0.7887771194893295, 0.614679299983609, 0.08621414295200035], [-0.3738593206770333, 0.5701409127979387, 0.7315521498135593, -1.6941576500161328], [0.0, 0.0, 0.0, 1.0]]
[[-0.922927079771046, -0.2254359700002937, -0.3120644626600672, 0.08060343143056743], [-0.013743318638680335, -0.7907995874894485, 0.6119208556825905, 0.08823609680737098], [-0.3847294200059122, 0.5690471297322787, 0.7267521155974503, -1.6842484457925528], [0.0, 0.0, 0.0, 1.0]]
[[-0.9231648867197463, -0.21914304450712813, -0.3158210220550009, 0.08352768118940153], [-0.023978607489683834, -0.7871569995717351, 0.6162863655867123, 0.0901604495548843], [-0.3836555985653986, 0.576506881198629, 0.7214209572919653, -1.6732191547329223], [0.0, 0.0, 0.0, 1.0]]
[[-0.9218914584670962, -0.21753579084578406, -0.3206155306695393, 0.0856566918982686], [-0.03434693057612209, -0.7783624614822489, 0.6268749212684246, 0.09154450808242008], [-0.38592282540089556, 0.588922794818127, 0.7100940181259071, -1.654330096758294], [0.0, 0.0, 0.0, 1.0]]
[[-0.9230632658955731, -0.217427193302845, -0.3173005243718422, 0.08786460693996434], [-0.03647198516066569, -0.7717204039604559, 0.6349152797102547, 0.09307688289316937], [-0.3829151360975939, 0.5976395516727102, 0.7044167550703228, -1.6428905788741077], [0.0, 0.0, 0.0, 1.0]]
[[-0.9309150436178508, -0.21473063223094685, -0.29544532006392127, 0.08953122775675951], [-0.03182463032306748, -0.7581507276345839, 0.6513022854957219, 0.09442796128896262], [-0.3638466359206514, 0.6157095336023706, 0.6989401946950656, -1.6339939590274857], [0.0, 0.0, 0.0, 1.0]]
[[-0.9393664370481666, -0.21305907779353467, -0.26869411291876416, 0.09100951546516807], [-0.01882074002523454, -0.750344796170739, 0.6607786820141782, 0.09584704110248214], [-0.34239812600587577, 0.6257703382465972, 0.7008387882233716, -1.635361072169201], [0.0, 0.0, 0.0, 1.0]]
[[-0.9462774842673187, -0.21415700054527703, -0.2422719585221621, 0.09245169611717659], [-4.248182971958725E-4, -0.7484188251431452, 0.6632262673483073, 0.09698946555266183], [-0.32335544266043886, 0.6276990053272381, 0.7081209052224539, -1.6461150590487572], [0.0, 0.0, 0.0, 1.0]]
[[-0.9607352807364332, -0.20695660138616262, -0.18481527396558903, 0.09423752617207506], [0.034501753941313384, -0.7500167891790213, 0.6605183153589039, 0.09853736788464955], [-0.27531318407090455, 0.6282067980309353, 0.7277079562465013, -1.6769366053951444], [0.0, 0.0, 0.0, 1.0]]
[[-0.9670637861814493, -0.2093654589757505, -0.14475406054502812, 0.09334197570033007], [0.06442957309357406, -0.7515317463009664, 0.656543116948765, 0.09875278567755151], [-0.2462447229229089, 0.6255926301433653, 0.7402684631557166, -1.6982008555739028], [0.0, 0.0, 0.0, 1.0]]
[[-0.9652652947450484, -0.2244565362098623, -0.13372424654274645, 0.0895761386778974], [0.08297207442058122, -0.7486717232027802, 0.6577281244883214, 0.09698806222285103], [-0.24774693868360922, 0.6237867538103468, 0.7412904559912059, -1.7000191051780422], [0.0, 0.0, 0.0, 1.0]]
[[-0.9568767952847393, -0.24765533048333016, -0.1518342383285139, 0.08492618442343638], [0.09303178899166378, -0.7564000610076366, 0.6474596774662144, 0.09443382886714885], [-0.2751942675322616, 0.6054137304280737, 0.7468214847783543, -1.7055914904343166], [0.0, 0.0, 0.0, 1.0]]
[[-0.9564918395193128, -0.25558523496683244, -0.14071086880518738, 0.08085052900724797], [0.11080417261631073, -0.7643679754318118, 0.6351881874413975, 0.09213037648921794], [-0.26989960404523833, 0.5919609664506791, 0.7594316413838718, -1.7213954928536115], [0.0, 0.0, 0.0, 1.0]]
[[-0.9468999174075622, -0.2757019981378328, -0.16543565104401875, 0.07611364015524721], [0.11495539701635049, -0.7708113571350278, 0.6266060232781598, 0.08922404830066992], [-0.300276211362747, 0.574315470742747, 0.7615746430621045, -1.723462669066199], [0.0, 0.0, 0.0, 1.0]]
[[-0.9446693313892847, -0.28288402428136183, -0.166061684740649, 0.07230425592729048], [0.1223379025665291, -0.7735572859135322, 0.6218058885260832, 0.08711477138702803], [-0.3043571782103115, 0.5670853147600202, 0.7653632822754076, -1.7298595429657142], [0.0, 0.0, 0.0, 1.0]]
[[-0.9402571977026951, -0.2913165547300251, -0.17621312978465323, 0.06914180139418928], [0.12422641150616698, -0.7754329150275361, 0.6190893255227379, 0.08554908442441958], [-0.3169924302764581, 0.5602128695702433, 0.7652955898966742, -1.730323893516969], [0.0, 0.0, 0.0, 1.0]]
[[-0.9390452413350217, -0.2955114447171225, -0.1756901271194546, 0.06674041588316568], [0.125497093453876, -0.7704139144257067, 0.6250703000414348, 0.08454305184047176], [-0.3200695459750586, 0.5649206904517301, 0.7605393475941008, -1.72403367775777], [0.0, 0.0, 0.0, 1.0]]
[[-0.9402727356645659, -0.29545170757548056, -0.16910195462089195, 0.06521062154114814], [0.1257632087490685, -0.7630812056923595, 0.6339484906869273, 0.08421741158189461], [-0.31633968750539626, 0.5748176771897568, 0.754661407585654, -1.7174966895573966], [0.0, 0.0, 0.0, 1.0]]
[[-0.9385741128117282, -0.2970923174396042, -0.17554141869668055, 0.06364619756136969], [0.11901959973270687, -0.7561905929552608, 0.6434361833200226, 0.08424678842936502], [-0.32390271631948997, 0.5830196755207643, 0.7451007236048822, -1.7049849252945413], [0.0, 0.0, 0.0, 1.0]]
[[-0.93355787071598, -0.30064664865589863, -0.195144291938613, 0.062322793390752106], [0.10773503062165751, -0.7546416789041924, 0.647231874707676, 0.08468276107085791], [-0.34185211013126193, 0.5832045345439618, 0.7368918548105716, -1.6914412660426634], [0.0, 0.0, 0.0, 1.0]]
[[-0.9268516923340204, -0.3055379450473882, -0.21815706395572246, 0.06119973276610355], [0.09686439842628097, -0.7560347423369761, 0.6473243056590542, 0.08521763073447003], [-0.3627164577670505, 0.5788419754265243, 0.730327829641759, -1.6780306309569608], [0.0, 0.0, 0.0, 1.0]]
[[-0.915770762698166, -0.3161062664103445, -0.247872423886426, 0.059082860322392836], [0.08050896495845622, -0.7489666770933581, 0.6576984287384694, 0.08505635019157769], [-0.39355078039376035, 0.5823450394223735, 0.7113311734428743, -1.6448101874116678], [0.0, 0.0, 0.0, 1.0]]
[[-0.9083281071403876, -0.32213621486529553, -0.26677389087206693, 0.05786970318267794], [0.07405875534148965, -0.7516137210353222, 0.6554327693277977, 0.08539402732210143], [-0.41164954820336047, 0.5755910644057091, 0.7065688756520998, -1.629107999813356], [0.0, 0.0, 0.0, 1.0]]
[[-0.9042531201902237, -0.32554175962089127, -0.2763129699619242, 0.05691867978726493], [0.07280077971918247, -0.7551725791451096, 0.6514709680251317, 0.08577783504644047], [-0.4207449834502183, 0.5689788558903196, 0.7065668549056193, -1.6203569398493025], [0.0, 0.0, 0.0, 1.0]]
[[-0.9025883567402933, -0.3261374466942569, -0.28101356575903524, 0.05628003011053896], [0.0712798249398165, -0.7569585650080095, 0.6495636361570466, 0.08600715056392444], [-0.42456265124643966, 0.5662579771842207, 0.7064690074177553, -1.6116816009227615], [0.0, 0.0, 0.0, 1.0]]
[[-0.904645684644946, -0.32218890861156274, -0.27894532156135365, 0.05642098672029404], [0.06943468702990696, -0.7572345043030525, 0.6494418601614538, 0.08626182430640726], [-0.4204699864322492, 0.5681462951217764, 0.7074000126159624, -1.6048835828668262], [0.0, 0.0, 0.0, 1.0]]
[[-0.9054615054408577, -0.3179197742582479, -0.2811876229501586, 0.0570289573084848], [0.06485698070106233, -0.7583700897311481, 0.6485895304855859, 0.08669523576629781], [-0.4194437199662404, 0.5690358724516016, 0.7072942397928367, -1.5983882857023297], [0.0, 0.0, 0.0, 1.0]]
[[-0.9058764047388548, -0.3132947103727188, -0.2850164272281172, 0.05797804451008567], [0.059450175089966584, -0.7603281390043322, 0.6468127995950461, 0.08749930116675769], [-0.41934903841451554, 0.5689881769340055, 0.7073887463694472, -1.5935117307815387], [0.0, 0.0, 0.0, 1.0]]
[[-0.9091279536951454, -0.30709682803104255, -0.2813856819799994, 0.05927650469091099], [0.05367829917822625, -0.7563188789628423, 0.6519972342899333, 0.08818320853114438], [-0.41304358608675906, 0.5776446066031098, 0.7040750701842301, -1.584628140219576], [0.0, 0.0, 0.0, 1.0]]
[[-0.917654105439641, -0.29399742945668267, -0.26735080744713446, 0.06153924290077114], [0.05086035023906477, -0.7541442955783144, 0.6547362875389199, 0.08927166576940812], [-0.3941118718629668, 0.5872238865369411, 0.7069964211628783, -1.58560965659466], [0.0, 0.0, 0.0, 1.0]]
[[-0.9230718111658547, -0.2821605947327056, -0.26138827481559745, 0.06411009969637614], [0.045975490434797206, -0.755658002877269, 0.6533507763574, 0.09021385095941017], [-0.3818699853487679, 0.59107223033029, 0.7104990730621035, -1.5880065614297358], [0.0, 0.0, 0.0, 1.0]]
[[-0.9317514604755054, -0.2664906130501568, -0.24662110424275233, 0.06678310324008535], [0.042064583632395125, -0.7538662154920799, 0.6556800286294238, 0.09105404885289604], [-0.36065189131016107, 0.600556810215154, 0.7136257639677841, -1.5908077271469456], [0.0, 0.0, 0.0, 1.0]]
[[-0.933789447951537, -0.25698286246928626, -0.24899211893442813, 0.06888537489779516], [0.033327749895035064, -0.7552909437406115, 0.654541710962984, 0.09141230701997533], [-0.3562674949827707, 0.6029057958756977, 0.7138473739660273, -1.58960388315327], [0.0, 0.0, 0.0, 1.0]]
[[-0.9325434647084615, -0.25312400300102944, -0.2574702420363815, 0.0699207608816811], [0.022926886080444187, -0.7531747710240222, 0.6574208105829673, 0.09138804032859256], [-0.36032907782219353, 0.6071704895642132, 0.7081715556827747, -1.581956466134098], [0.0, 0.0, 0.0, 1.0]]
[[-0.9297434376023421, -0.2517895051337198, -0.26866184198709037, 0.07019551356924772], [0.014630923629089854, -0.7543337333419486, 0.6563280847382338, 0.09156388227302828], [-0.3679172139342484, 0.606285958807323, 0.7050207513569692, -1.5789347358871821], [0.0, 0.0, 0.0, 1.0]]
[[-0.9258974467349452, -0.25247243138647396, -0.2810188419297031, 0.06971781383907362], [0.007424672871810367, -0.7558967970029923, 0.6546486893848973, 0.09167001345513363], [-0.37770198882512634, 0.6040510770377117, 0.7017574395523889, -1.5758027453539518], [0.0, 0.0, 0.0, 1.0]]
[[-0.920561697197911, -0.2578711740676332, -0.29337453747229275, 0.06842565076979126], [2.440356859573778E-4, -0.7514718590729326, 0.6597650987041181, 0.09132818111494329], [-0.3905971096906443, 0.607282885158516, 0.6918391397535004, -1.5633104317092243], [0.0, 0.0, 0.0, 1.0]]
[[-0.9168337435170322, -0.26336934547038954, -0.3000874449473741, 0.06678332391434454], [-0.005588970776266633, -0.7430525821822316, 0.6692097007052277, 0.09100260781955725], [-0.39923007170578545, 0.6152312150556221, 0.679783716976934, -1.547506107637233], [0.0, 0.0, 0.0, 1.0]]
[[-0.9092052957608181, -0.27146080556568214, -0.31568142359365053, 0.06543778495713154], [-0.011238637102799431, -0.7419370282188233, 0.6703753718581048, 0.0908440646538118], [-0.41619637576095564, 0.6130566672008807, 0.6715222256962118, -1.536150248341733], [0.0, 0.0, 0.0, 1.0]]
[[-0.9089232259038691, -0.27404368940556134, -0.31425885144175675, 0.06482493409745733], [-0.01205592863924132, -0.7360968381889719, 0.6767688670386987, 0.09105258900865637], [-0.41678918411728166, 0.6189196241073524, 0.6657516615808511, -1.5293691014541693], [0.0, 0.0, 0.0, 1.0]]
[[-0.91451200256155, -0.2704264240318664, -0.30089424447170915, 0.0649876609601694], [-0.011580456404371331, -0.7259557667333572, 0.6876438887796867, 0.091467581634549], [-0.40439298980117083, 0.632343082457554, 0.6607636005923369, -1.5239109307401573], [0.0, 0.0, 0.0, 1.0]]
[[-0.9166335565042064, -0.26412382165558423, -0.30003588106174606, 0.06633764461254277], [-0.01392906492239293, -0.7290377392589356, 0.6843317586424059, 0.09227024613908462], [-0.39948579979873733, 0.6314606730195234, 0.6645814579033134, -1.5293956841075447], [0.0, 0.0, 0.0, 1.0]]
[[-0.9159717108048622, -0.25984051813244985, -0.3057429151131281, 0.06794772601892142], [-0.01871254171815062, -0.7334970923418032, 0.6794349536994447, 0.09286320832035587], [-0.4008062696461471, 0.6280644239747862, 0.6670003100070944, -1.5326749708893443], [0.0, 0.0, 0.0, 1.0]]
[[-0.9202186400663184, -0.2511281999727972, -0.30022038846973487, 0.0696467624016345], [-0.020836295663797577, -0.7345147421135373, 0.6782727640123069, 0.09379018475117748], [-0.3908497195310578, 0.6304147212718834, 0.6706815756722314, -1.5366962283331775], [0.0, 0.0, 0.0, 1.0]]
[[-0.9206612710473183, -0.24546312002508053, -0.30353036207452083, 0.07097425814228889], [-0.02543544717819568, -0.7381864730227321, 0.6741170292116231, 0.0946521216675695], [-0.3895328766874268, 0.6283538714401401, 0.6733762322994522, -1.537520133169301], [0.0, 0.0, 0.0, 1.0]]
[[-0.9071334137894178, -0.25329797539325105, -0.33607901637626364, 0.07095243493915188], [-0.03856469476330693, -0.7451923998517789, 0.6657334688304014, 0.09463519974165539], [-0.41907246855952, 0.616869858936896, 0.6662205665022688, -1.520977998021143], [0.0, 0.0, 0.0, 1.0]]
[[-0.9104040598820458, -0.25108230023292466, -0.3288192911920348, 0.07203743122666996], [-0.03248980422640746, -0.7489425774055531, 0.6618379169936223, 0.09592467416777967], [-0.4124425540261558, 0.6132232010115654, 0.6736827483092549, -1.5256594745243481], [0.0, 0.0, 0.0, 1.0]]
[[-0.9082620855467545, -0.25889705497425575, -0.32868267201651724, 0.07178319242791842], [-0.03153304045639371, -0.7409768487232727, 0.6707898158258694, 0.09611051266436951], [-0.417211758364785, 0.6196173210795397, 0.6648373666547172, -1.506715150620643], [0.0, 0.0, 0.0, 1.0]]
[[-0.9152763789157853, -0.2561796615928898, -0.3108715670256133, 0.07321614228662696], [-0.022807338648641762, -0.7375317968529114, 0.6749271619476299, 0.09774494543613642], [-0.40218027736647416, 0.6248350419247214, 0.6692026560619417, -1.5089172233934869], [0.0, 0.0, 0.0, 1.0]]
[[-0.9208946356124941, -0.2514812649838249, -0.2978426488303295, 0.07508420658036469], [-0.019902296670532005, -0.7327391492409479, 0.6802185220624989, 0.09929882599285424], [-0.38930318350531107, 0.6323373407697725, 0.6697704970964627, -1.5067974750120525], [0.0, 0.0, 0.0, 1.0]]
[[-0.9289558683095342, -0.24409809626678897, -0.27831118219038303, 0.07687032660618577], [-0.022008072320532923, -0.7140596840948421, 0.6997388172047542, 0.10038250088722982], [-0.36953570799858215, 0.6561515731515879, 0.657957805307212, -1.4897621176189044], [0.0, 0.0, 0.0, 1.0]]
[[-0.9292175951534731, -0.2426971870743609, -0.27866240550779053, 0.07930462251478979], [-0.02761752545388496, -0.7063743793287205, 0.7072994475579407, 0.10189250293964076], [-0.36849957007437556, 0.6649310577903219, 0.6496728062962489, -1.478002066657206], [0.0, 0.0, 0.0, 1.0]]
[[-0.9433461765972622, -0.2263463600710154, -0.24262175578857018, 0.08278831012665704], [-0.02041032778167734, -0.6902382533314926, 0.7232942500516193, 0.10432443390829757], [-0.3311818376952016, 0.6872688549035901, 0.6465138138201976, -1.4770243866781498], [0.0, 0.0, 0.0, 1.0]]
[[-0.9488603855100256, -0.2190639709167946, -0.22732123846207478, 0.08483860109287539], [-0.021848240909714767, -0.6727701320683211, 0.7395289066466064, 0.10585355774202211], [-0.31493907851982544, 0.7066762526383207, 0.633578764462749, -1.462687718570212], [0.0, 0.0, 0.0, 1.0]]
[[-0.9502104670854, -0.21801715632641866, -0.22264004084774916, 0.08607863520922313], [-0.025599602975180713, -0.6574539470642152, 0.7530597372169068, 0.10678241131652143], [-0.310555516081841, 0.7212647412961658, 0.6191384694832942, -1.4453876812550843], [0.0, 0.0, 0.0, 1.0]]
[[-0.9491055223764767, -0.21938939307540997, -0.2259800911595501, 0.08651886701890395], [-0.03327266847048621, -0.6436360867459592, 0.7646080808958283, 0.10721686304258989], [-0.31319584436471765, 0.7332127126859923, 0.6035788937896354, -1.4278656428479124], [0.0, 0.0, 0.0, 1.0]]
[[-0.9512919937969239, -0.21562241094374876, -0.22034182180575276, 0.0867293858376791], [-0.03528552361162329, -0.633870591776652, 0.7726338102258862, 0.10805689127522644], [-0.30626536591871856, 0.7427752343606523, 0.5953876693878967, -1.4221387551879743], [0.0, 0.0, 0.0, 1.0]]
[[-0.9504990328752662, -0.21597811606286674, -0.2233943640406327, 0.08608106665344016], [-0.039625